full_name
Elise Amelia Harrington
