first_name,last_name,gender
Eleanor,"['Louise', 'Mitchell']",gf
