first_name,last_name,gender
Margaret,"['Elizabeth', ""O'Connell""]",gf
