first_name,last_name,gender
Gavin,"['P.', 'Larsson']",gm
