full_name
Abigail Lillian Hawthorne
