first_name,last_name,gender
Amelia,"['Louise', 'Turner']",gf
