first_name,last_name,gender
George,"['D.', 'Roebuck,', 'Jr.']",gm
