full_name
Alessandra Julia Rossi
