full_name
Eleanor Mae Bellweather
