full_name
Isabelle Marie Thompson
