first_name,last_name,gender
Sam,['Smith'],gm
