first_name,last_name,gender
David,['Lewis'],gm
