first_name,last_name,gender
Roy,['Williams'],gm
