first_name,last_name,gender
Geneviève,"['Céleste', 'Moreau']",gf
