full_name
Dr. Joseph C. Fackler
