first_name,last_name,gender
Evelyn,"['Grace', 'Hayes']",gf
