first_name,last_name,gender
Alexander,['Ryan'],gm
