full_name
Emilia Faye Wilder
