first_name,last_name,gender
Lila,"['Isabelle', 'Carter']",gf
