first_name,last_name,gender
nan,nan,gf
