first_name,last_name,gender
Bob,"['the', 'Salesguy']",gm
