first_name,last_name,gender
Thaddeus,['Armitage'],gm
