full_name
Esme Evangeline Finch
