first_name,last_name,gender
Tom,['Crouch'],gm
