full_name
Frederick Mason
