full_name
Isabella Reyes
