full_name
Harry Thankey
