first_name,last_name,gender
Lena,"['Marie', 'Worthington']",gf
