first_name,last_name,gender
Sofia,"['Margaret', 'Lindstrom']",gf
