first_name,last_name,gender
Clara,"['Beatrice', 'Blackwood']",gf
