first_name,last_name,gender
Eloise,"['Margaret', 'Hadley']",gf
