full_name
Eleanor Ophelia Butterfield
