full_name
Esmelise Vanderlyn
