full_name
Eleanor Mathews
