full_name
Tucker Grant
