first_name,last_name,gender
Esme,"['Evangeline', 'Worthington']",gf
