full_name
Gerald William Graham
