full_name
Isabelle Marie Callahan
