first_name,last_name,gender
Genevieve,"['Eleanor', 'Dubois']",gf
