first_name,last_name,gender
Arthur,"['Thomas', 'Blackwood']",gm
