full_name
Esmeralda Valentina Rosales
