first_name,last_name,gender
Isabella,['Reyes'],gf
