full_name
Madeline Thorne
