full_name
Emiliano Vargas
