full_name
Elara Sophia Vasquez
