first_name,last_name,gender
Sarah,['Amelia'],gf
