full_name
Ezekiel Thomas
