first_name,last_name,gender
Anna,['Thompson'],gf
