full_name
Sebastian Laurent Dupree
