full_name
Isabelle Moreau
