full_name
Madeline Elara Hart
