first_name,last_name,gender
Samuel,"['Ezekiel', 'Hayes']",gm
