full_name
Ace Callahan
