full_name
Elara Josephine Montgomery
