first_name,last_name,gender
Thomas,['Caldwell'],gm
