first_name,last_name,gender
Thomas,['Kincaid'],gm
