first_name,last_name,gender
Johnathan,['Riley'],gm
