first_name,last_name,gender
Miss,['Chiang'],gf
